20000433
20000719
20000887
20001036
20001221
20001566
20001580
20001620
20001627
20001685
20001862
20001863
20001864
20001865
20001866
20001915
20001916
20001917
20001943
20001980
20001981
20002059
20002061
20002062
20002063
20002100
20002101
20002102
20002135
20002201
20002202
20002212
20002329
20002340
20002368
20002608
20003102
20003103
20003122
20003199
20003200
20003271
20003288
20003352
20003360
20003361
20003362
20003551
20003552
20003553
20003554
20003671
20003691
20003752
20003753
20003757
20003838
20003908
20003988
20004015
20004034
20004055
20004179
20004183
20004197
20004257
20004341
20004401
20004450
20004486
20004487
20004503
20004544
20004581
20004596
20004660
20004688
20004769
20004947
20004953
20004954
20004957
20005011
20005131
20005143
20005189
20005324
20005332
20005370
20005381
20005496
20005587
20005590
20005604
20005620
20005626
20005645
20005646
20005653
20005660
20005693
20005731
20005751
20005786
20005797
20005828
20005836
20005863
20005869
20005879
20006037
20006047
20006050
20006053
20006063
20006178
20006239
20006455
20006456
20006489
20006491
20006569
20006611
20007025
20007088
20007092
20007236
20007335
20007336
20007341
20007350
20007358
20007474
20007480
20007482
20007753
20007822
20007839
20007888
20007889
20007977
20008013
20008014
20008034
20008035
20008037
20008176
20008201
20008507
20008566
20008567
20008709
20009058
20009162
20009172
20009202
20009400
20009856
20009950
20010115
20010145
20010150
20010165
20010302
20010563
20010636
20010860
20011054
20011066
20011284
20011311
20011398
20011405
20011500
20011885
20012538
20012711
20012923
20013553
20013651
20014402
20014827
20015745
20015817
20016064
20016636
20016657
20016816
20016834
20016912
20016960
20017181
20017182
20017188
20017274
20017511
20018106
20018109
20018172
20018736
20018882
20019356
20019764
20020086
20020236
20020255
20020425
20020429
20020460
20020790
20020826
20021088
20021277
20021374
20022099
20022753
20022771
20023183
20023187
20023548
20023606
20023714
20024443
20024445
20024475
20024761
20025143
20025330
20025916
20026166
20026310
20026379
20026663
20026760
20026817
20027002
20027031
20027346
20029075
20030825
20030997
20031210
20031221
20031345
20031346
20031662
20031669
20032906
20033342
20034613
20035107
20035396
20035432
20035670
20036017
20036183
20036236
20036284
20037336
20037638
20037655
20038071
20038086
20038091
20038239
20039565
20039572
20039796
20040263
20040267
20040329
20041429
20041440
20042286
20048603
20052340
20052381
20052387
20052689
20052750
20052760
20052761
20052762
20052768
20053110
20053319
20053409
20053426
20053429
20053430
20053435
20053550
20053789
20054071
20054401
20054509
20054660
20054686
20054690
20054789
20055408
20055532
20065674
20065679
20065690
20065706
20065717
20065733
20065803
20065909
20065996
20066008
20066063
20066146
20066251
20066253
20066272
20066391
20066400
20066407
20066959
20067367
20067381
20067399
20068031
20068063
20068216
20068267
20068278
20068346
20068347
20068348
20068350
20068359
20068372
20068548
20068950
20069230
20085182
20085184
20085236
20085275
20085490
20085585
20085628
20085640
20085709
20085713
20085770
20085774
20085804
20085818
20085839
20085867
20085938
20085953
20085989
20085990
20086039
20086067
20086324
20086326
20086450
20086666
20086667
20086819
20086829
20086878
20087024
20087025
20087309
20087311
20087684
20088188
20088213
20088254
20088263
20088264
20088710
20088959
20089136
20089355
20089830
20089958
20089959
20090075
20090147
20090367
20090373
20090403
20090416
20096189
20096315
20096536
20096590
20096631
20096744
20097725
20098943
20099248
20099799
20099907
20099935
20099942
20100004
20100085
20100756
20100926
20101869
20101873
20101955
20102873
20103067
20105140
20105141
20106538
20106589
20108519
20108906
20111253
20112221
20112985
20115052
20136564
20136582
20136617
20136618
20136635
20136745
20136770
20136773
20136793
20136795
20136818
20136839
20136849
20136874
20136897
20136900
20136923
20136993
20137032
20137044
20137052
20137062
20137064
20137078
20137084
20137099
20137108
20137120
20137125
20137126
20137158
20137170
20137175
20137199
20137427
20137671
20137799
20137802
20137805
20137911
20137924
20137925
20138013
20138095
20138127
20138155
20138175
20138205
20138258
20138325
20138359
20138404
20138524
20138727
20138815
20138846
20138847
20138852
20138859
20138877
20138883
20138893
20138911
20138925
20138937
20138947
20138971
20139047
20139056
20139211
20139289
20139345
20139359
20139622
20140039
20140158
20140288
20140333
20140928
20141018
20141052
20141053
20141056
20141078
20141079
20141354
20141424
20141432
20141447
20141484
20141495
20141498
20141525
20141526
20141527
20141531
20141593
20141614
20141670
20141761
20141765
20141851
20141874
20142040
20142348
20142464
20142555
20142561
20142563
20142781
20143381
20143404
20143409
20143487
20143527
20143624
20143637
20143643
20143649
20143651
20143678
20143947
20143992
20144332
20144411
20144861
20144898
20144900
20144901
20144922
20145656
20152558
20152560
20152561
20152563
20152564
20152575
20152637
20152664
20152667
20152671
20152679
20152680
20152685
20152742
20152754
20152756
20152770
20152787
20152828
20152889
20152895
20152931
20152941
20152942
20152952
20152964
20152978
20153002
20153195
20153201
20153219
20153220
20153243
20153249
20153267
20153271
20153306
20153311
20153315
20153349
20153415
20153460
20153591
20153792
20153814
20153842
20153951
20153953
20153957
20153958
20154007
20154019
20154020
20154029
20154035
20154144
20154229
20154244
20154268
20154269
20154275
20154276
20154278
20154300
20154302
20154330
20154347
20154453
20154555
20154589
20154590
20154631
20154652
20154656
20154658
20154715
20154807
20154988
20154991
20154993
20155110
20155140
20155334
20155336
20155338
20155340
20155341
20159399
20159402
20159454
20159459
20159467
20159495
20159504
20159518
20159533
20159555
20159560
20159608
20159609
20159635
20159677
20159686
20159699
20159856
20159857
20159923
20159928
20159929
20161989
20161995
20161998
20161999
20162000
20162004
20162011
20162015
20162038
20162039
20162058
20162063
20162080
20162082
20162116
20162117
20162120
20162142
20162149
20162157
20162161
20162162
20162168
20162173
20162181
20162183
20162186
20162195
20162196
20162210
20162214
20162215
20162269
20162273
20162361
20162385
20162416
20162421
20162422
20162433
20162452
20162463
20162470
20162472
20162474
20162483
20162510
20162566
20162567
20162581
20162635
20162679
20162687
20162694
20162695
20162698
20162723
20162740
20162741
20162781
20162783
20162825
20162854
20162873
20162882
20162900
20162903
20162911
20162913
20162922
20162926
20162979
20162980
20162998
20163000
20163001
20163014
20163015
20163023
20163026
20163051
20163067
20163070
20163081
20163132
20163191
20163243
20163249
20163250
20163252
20163295
20163335
20163348
20163364
20163373
20163412
20163454
20163667
20163679
20163683
20163691
20163692
20163693
20163694
20163696
20163697
20163732
20163758
20163760
20163818
20163899
20163902
20164120
20164121
20164184
20164201
20164202
20164206
20164207
20164211
20164214
20164215
20164216
20164217
20164221
20164222
20164294
20164341
20164342
20164400
20168044
20168318
20168378
20168791
20169352
20169675
20170013
20170086
20170502
20170891
20170903
20171486
20171576
20171819
20171839
20172034
20172678
20172718
20172722
20172974
20173232
20173561
20173664
20173689
20174050
20174806
20174881
20175114
20175189
20175706
20175729
20175921
20177016
20177049
20177255
20177614
20177651
20178601
20178871
20179806
20180186
20183548
20184266
20184990
20185702
20185716
20185851
20185853
20186822
20186823
20186844
20187026
20187040
20188174
20188452
20189008
20189011
20189040
20189058
20189062
20189173
20189263
20189552
20189630
20189700
20189865
20189973
20190119
20190135
20190161
20190166
20190208
20190491
20190758
20190788
20191094
20192559
20192563
20192642
20193178
20194006
20194126
20194268
20194386
20196068
20196256
20196625
20197588
20198752
20198856
20199003
20199145
20199801
20200754
20200840
20202411
20202435
20202683
20203015
20203217
20203471
20204131
20204232
20205378
20205388
20205744
20206359
20206378
20206910
20207398
20207945
20207970
20208023
20208115
20208565
20208617
20209215
20209924
20210012
20211871
20211914
20212359
20212546
20213053
20213869
20214088
20214869
20215167
20215188
20215442
20215588
20215757
20216115
20216258
20216523
20216707
20216985
20217013
20217390
20217430
20217628
20217683
20217796
20217807
20217837
20218017
20218863
20219021
20219071
20219527
20220124
20220839
20220909
20221455
20221787
20221980
20222008
20222073
20222165
20222869
20223456
20224926
20225312
20225416
20225586
20225900
20226198
20226219
20226514
20226554
20228368
20228502
20228587
20229007
20229672
20230089
20230111
20230118
20230420
20230549
20230599
20230979
20231134
20231792
20231937
20232368
20232382
20232691
20234061
20234145
20234341
20235086
20235700
20235756
20236716
20237442
20237551
20237805
20238063
20238456
20239849
20240320
20241370
20241596
20241662
20242147
20242187
20242191
20242211
20242216
20242450
20242643
20242708
20243025
20243147
20243298
20243566
20244670
20244977
20246138
20247156
20247360
20247517
20248083
20248590
20248818
20248926
20249595
20249615
20249816
20249886
20250162
20250458
20250577
20250614
20250620
20250680
20250697
20250706
20251346
20251722
20251732
20252091
20252373
20252399
20252558
20252793
20253062
20253106
20253586
20253841
20254417
20254419
20255071
20255501
20256004
20256412
20256670
20257744
20257838
20258325
20259221
20259802
20260141
20260277
20261938
20262623
20263976
20264308
20264357
20264993
20265032
20265187
20265196
20265482
20265661
20265962
20267131
20267136
20267221
20267223
20267270
20267337
20267494
20267720
20267729
20267759
20267940
20269690
20271480
20274138
20274855
20275545
20275558
20275611
20275677
20275714
20275792
20275974
20275975
20275976
20276033
20276049
20276111
20276392
20276397
20276409
20276468
20276660
20276703
20276732
20276770
20276786
20276891
20277039
20277127
20277142
20277279
20277473
20277475
20277570
20277616
20277617
20277810
20277830
20277958
20278327
20278381
20279744
20279816
20280136
20280244
20280491
20281070
20281365
20281375
20283457
20283460
20283729
20284114
20284422
20285110
20285179
20285263
20285331
20285339
20285540
20285567
20285571
20285625
20285638
20285818
20285838
20285944
20285990
20286079
20286080
20288592
20288807
20288914
20289227
20289315
20290772
20292165
20292220
20293054
20293726
20294739
20296318
20297274
20297300
20297418
20299582
20301011
20301844
20302010
20302156
20302169
20302311
20302523
20302591
20302800
20302830
20302831
20302871
20303174
20303248
20303250
20303262
20303449
20303450
20303933
20304088
20304153
20304293
20304330
20304640
20305090
20306367
20306383
20306431
20306462
20306523
20306595
20307005
20307070
20307161
20307493
20307564
20307918
20308041
20308043
20308127
20308242
20308635
20308899
20309203
20309214
20309662
20309728
20310402
20310442
20310560
20310737
20310842
20311044
20311066
20311321
20311554
20311555
20311925
20312070
20312473
20312942
20312956
20313276
20313538
20313548
20313552
20313809
20314079
20314082
20314212
20315020
20315098
20315508
20316695
20317212
20317255
20317643
20317685
20318050
20318160
20318411
20318450
20319988
20320378
20322652
20322705
20322756
20322763
20322775
20322913
20322966
20323179
20323300
20325102
20325395
20325769
20326290
20326291
20326302
20326332
20326354
20326386
20326388
20326683
20326732
20326742
20326777
20326946
20327140
20328059
20329275
20329291
20329338
20329340
20329343
20329390
20329395
20329437
20329520
20329571
20329614
20329669
20329713
20329770
20329774
20329915
20330233
20330659
20330809
20330825
20331471
20331509
20331510
20331769
20331792
20331876
20331963
20331990
20331999
20332408
20332446
20332775
20333284
20333358
20333478
20333480
20333510
20333521
20333555
20333578
20333707
20333755
20333888
20333889
20333908
20334412
20334673
20335746
20335758
20337053
20337069
20337075
20337084
20337118
20337119
20337248
20337252
20337345
20337557
20337558
20337866
20338049
20338172
20338176
20338292
20338347
20338567
20339492
20339714
20339715
20340048
20340291
20340666
20341050
20341816
20341843
20342866
20343098
20343158
20343166
20344074
20344076
20344133
20344143
20344756
20345646
20345705
20345722
20345813
20345853
20347634
20347813
20348304
20348306
20348314
20348400
20348461
20348595
20348776
20349063
20349068
20349074
20349219
20349507
20349925
20349928
20350462
20350513
20350523
20350536
20350713
20350751
20350964
20350988
20351278
20351331
20351340
20351370
20351508
20351545
20351815
20352102
20352143
20353190
20353938
20353947
20354030
20354101
20354127
20354182
20354332
20354663
20354713
20354876
20354952
20355046
20355256
20355770
20356285
20356394
20356991
20357005
20357022
20357024
20357028
20357058
20357311
20357414
20357439
20357594
20357618
20357621
20357622
20358453
20358471
20358744
20359170
20359242
20359369
20359592
20360191
20360192
20360433
20360502
20361071
20361123
20361518
20361532
20361538
20361611
20361689
20361754
20361861
20362310
20363024
20363027
20363067
20363069
20363071
20363075
20363076
20363084
20363116
20363163
20363267
20363298
20363305
20363344
20363505
20363599
20363617
20363626
20363734
20363790
20363814
20363831
20364136
20364762
20364877
20365014
20365071
20365246
20365424
20365449
20366470
20366615
20366733
20366746
20366774
20366833
20367248
20367390
20367525
20367638
20367684
20367789
20367943
20368184
20368203
20368565
20368664
20368790
20368949
20369057
20369264
20369296
20369452
20369454
20369983
20369984
20369986
20370037
20370061
20370307
20370688
20370702
20371336
20371660
20371973
20373135
20373393
20373428
20373503
20373579
20374038
20374158
20374188
20374267
20374449
20374851
20374855
20375054
20375103
20375505
20375657
20376707
20376729
20376775
20376778
20376788
20376848
20376864
20376879
20376883
20377097
20377732
20377972
20378124
20378160
20378358
20378526
20378610
20378842
20380128
20380160
20380188
20380205
20380321
20380359
20380455
20380476
20380524
20380636
20380818
20380929
20380981
20381181
20381564
20381677
20381906
20381989
20382395
20382406
20382459
20382503
20382625
20382745
20382758
20382825
20382875
20383610
20385186
20385252
20385268
20385343
20385402
20385423
20385497
20385580
20385605
20385843
20386259
20386281
20386298
20386454
20386504
20386720
20386847
20387505
20387648
20387668
20387717
20387733
20387746
20387793
20387816
20387871
20388185
20388188
20388189
20388468
20388567
20388798
20388838
20388945
20389694
20390522
20390536
20390725
20390929
20391033
20391151
20391211
20391275
20391449
20391451
20391508
20392211
20392476
20392704
20393359
20393569
20393908
20394130
20394155
20394392
20394783
20395143
20395207
20395289
20396593
20396730
20396793
20396794
20397237
20397326
20397471
20397474
20397847
20398188
20399307
20399308
20399325
20399433
20399446
20399457
20399611
20399774
20401856
20401857
20401885
20401925
20401954
20401998
20402267
20403039
20403247
20403775
20404108
20405189
20405212
20405427
20405562
20405762
20406213
20406952
20407324
20407338
20407653
20407656
20408751
20408752
20408792
20408869
20408980
20408982
20409204
20409256
20409266
20409342
20409836
20409934
20410088
20410195
20410622
20410627
20410649
20410650
20410777
20410778
20410832
20411165
20411201
20411280
20411611
20411655
20412976
20412977
20412983
20412995
20413002
20413021
20413038
20413091
20413123
20413192
20413216
20413260
20413421
20413563
20413577
20413820
20413989
20414286
20414287
20414429
20414532
20414586
20414746
20414772
20414800
20414903
20414960
20414990
20415027
20415029
20415267
20415710
20415711
20415713
20415715
20415745
20415746
20415949
20415986
20415987
20416002
20416032
20416071
20416151
20416186
20416195
20416217
20416224
20416231
20416283
20416567
20416584
20416591
20416675
20416680
20416694
20416801
20416804
20416851
20417167
20417201
20417210
20417211
20417217
20417264
20417419
20417581
20417612
20417634
20417655
20417816
20417871
20417874
20417949
20418094
20418135
20418198
20418233
20418265
20418416
20418797
20418846
20418849
20418896
20418900
20418929
20419022
20419464
20419472
20419624
20419829
20419880
20419922
20420048
20420187
20420210
20420262
20420286
20420302
20420591
20420738
20422637
20422638
20422659
20422686
20422699
20422787
20422977
20423022
20423100
20423210
20423321
20423709
20423747
20424089
20424392
20424482
20424532
20424965
20424969
20425047
20425250
20425450
20425713
20425755
20426071
20426082
20427499
20427621
20427643
20427684
20427778
20428086
20428209
20428223
20428681
20428694
20429073
20429094
20429382
20429389
20429584
20429733
20429736
20429746
20430439
20430440
20430544
20430552
20430802
20430804
20431107
20431394
20431698
20431760
20431775
20431776
20432226
20432509
20432655
20433303
20433939
20433953
20433960
20433992
20434007
20434051
20434053
20434096
20434154
20434188
20434196
20434313
20434326
20434344
20434500
20434632
20434633
20434677
20434734
20434740
20434751
20434786
20435058
20435138
20435159
20435302
20435404
20435441
20435548
20435730
20436030
20436035
20436037
20436094
20436116
20436324
20436325
20436329
20436568
20436654
20436671
20436724
20436761
20436763
20436764
20436771
20436774
20436775
20437316
20437841
20437844
20437846
20437879
20437905
20437908
20437965
20437994
20438017
20438105
20438107
20438116
20438317
20438429
20438430
20438452
20438661
20438897
20438902
20438908
20438955
20438990
20439313
20439437
20439854
20439877
20439889
20439898
20439908
20440012
20440212
20441058
20441103
20441304
20441641
20441823
20441825
20441952
20441987
20442037
20442177
20442243
20442523
20442559
20442605
20442609
20442742
20443103
20443104
20443806
20443837
20443880
20443923
20443972
20444004
20444185
20444193
20444584
20444627
20444628
20444935
20445025
20445267
20445305
20445775
20445830
20445974
20446789
20446791
20446804
20446826
20446833
20446862
20446924
20446935
20446938
20446955
20446963
20447221
20447655
20447755
20447795
20447903
20447977
20448003
20448628
20448721
20448724
20448818
20448972
20449074
20449089
20449107
20450142
20450143
20450159
20450160
20450185
20450203
20450237
20450238
20450259
20450263
20450270
20450293
20450300
20450648
20450649
20450779
20450894
20451003
20451124
20451157
20451217
20451297
20451370
20451397
20452302
20452307
20452313
20452314
20452334
20452376
20452389
20452397
20452421
20452474
20452561
20452639
20452807
20453100
20453309
20453563
20453687
20453707
20453729
20453778
20454078
20454094
20454100
20454101
20454177
20454266
20455146
20455148
20455157
20455176
20455184
20455185
20455192
20455193
20455199
20455213
20455299
20455322
20455407
20455415
20455426
20455432
20455550
20455554
20455588
20455591
20455594
20455659
20455687
20455736
20455795
20455956
20456051
20456301
20456536
20456537
20456618
20456651
20456863
20456898
20456938
20456946
20456973
20457059
20457212
20457260
20457647
20457662
20457663
20457768
20457912
20458062
20458116
20458122
20458135
20458198
20458368
20458375
20458418
20458436
20458452
20458723
20458732
20458745
20458964
20459046
20459119
20459200
20459386
20459451
20459458
20459462
20459683
20459872
20461353
20461365
20461397
20461501
20461852
20461912
20462041
20462238
20462329
20462550
20462559
20462736
20462775
20462959
20463216
20463257
20463282
20463360
20463380
20463387
20463664
20464639
20464797
20464798
20464885
20465098
20465166
20465402
20465616
20465617
20465633
20465749
20465824
20465826
20465853
20465892
20466053
20466130
20466191
20466507
20466508
20467309
20467317
20467335
20467336
20467347
20467351
20467352
20467372
20467460
20467475
20467527
20467609
20467835
20467917
20467963
20468004
20468005
20468117
20468446
20468448
20468452
20468462
20468468
20468481
20468540
20468541
20468583
20468681
20468684
20468727
20468730
20468738
20468741
20468813
20468837
20468909
20468910
20469219
20469356
20469373
20469445
20469494
20469513
20469634
20469722
20469727
20469737
20469896
20469929
20470004
20470310
20470510
20470585
20470594
20470678
20470864
20470909
20470951
20470975
20471034
20471083
20471108
20471240
20471241
20471323
20471487
20471926
20471956
20471984
20472263
20474158
20474163
20474179
20474223
20474231
20474238
20474425
20474451
20474474
20474532
20474549
20474554
20474574
20474585
20474611
20474613
20474674
20474706
20475016
20475354
20475462
20475534
20475665
20475950
20475967
20476093
20476187
20476438
20476601
20476904
20477051
20477162
20477248
20477327
20477465
20477490
20477491
20477492
20477519
20477524
20477588
20477719
20477762
20477885
20478574
20478784
20479325
20479345
20480004
20480808
20480817
20480820
20480822
20480823
20480824
20480854
20480856
20480858
20480883
20480885
20480922
20480927
20480934
20480936
20480984
20481025
20481027
20481032
20481052
20481127
20481327
20481381
20481394
20481442
20481457
20481482
20481532
20481542
20481543
20481775
20481790
20481817
20481904
20481918
20481965
20481984
20481985
20481989
20482049
20482054
20482055
20482111
20482228
20482234
20482244
20482250
20482344
20482391
20482467
20482488
20482505
20482533
20482562
20482566
20482650
20482718
20482766
20482796
20482798
20483408
20483422
20483423
20483432
20483453
20483459
20483468
20483471
20483472
20483504
20483506
20483508
20483509
20483531
20483547
20483560
20483563
20483566
20483656
20483662
20483856
20483878
20483989
20484199
20484402
20484403
20484462
20484506
20484517
20484725
20484757
20484795
20484850
20484976
20485051
20485110
20485652
20485823
20485882
20486001
20486607
20486692
20486739
20487577
20487580
20487583
20488450
20488453
20488461
20488465
20488474
20488486
20488490
20488494
20488509
20488515
20488579
20488580
20488615
20488636
20488640
20488645
20488693
20488698
20488789
20488803
20489203
20489235
20489337
20489453
20489486
20489885
20489900
20490354
20490581
20490636
20490684
20490791
20491007
20491424
20491565
20491567
20491842
20492143
20492478
20494658
20494689
20494690
20494696
20494697
20494706
20494710
20494713
20494880
20494975
20494999
20495021
20495102
20495168
20495187
20495222
20495278
20495316
20495323
20495331
20495417
20495511
20495615
20495829
20495833
20495848
20495857
20495858
20495891
20495930
20495959
20495960
20496001
20496005
20496013
20496018
20496124
20496174
20496230
20496326
20496327
20496816
20496817
20496818
20496837
20496860
20496861
20496869
20496901
20496962
20496981
20497025
20497094
20497096
20497113
20497117
20497135
20497174
20497176
20497230
20497232
20497236
20497245
20497626
20498066
20498068
20498125
20498143
20498441
20498548
20498550
20498918
20499307
20499490
20499496
20499582
20499672
20499986
20499998
20500080
20500094
20500136
20500749
20500922
20501243
20501567
20501647
20501878
20501934
20503274
20503277
20503293
20503861
20503865
20503871
20503880
20503892
20503911
20503941
20503960
20503966
20504025
20504033
20504034
20504074
20504181
20504256
20504392
20504505
20504680
20504711
20504800
20504827
20504887
20504928
20504994
20505019
20505093
20505169
20505178
20505657
20505667
20506074
20506425
20506437
20506459
20506491
20506590
20506732
20506779
20506859
20506951
20507355
20507366
20507422
20507716
20507847
20508767
20508772
20508774
20508786
20508796
20508861
20508871
20508905
20508908
20508912
20508918
20508967
20508997
20509073
20509102
20509191
20509192
20509352
20509353
20509456
20509505
20509520
20509523
20509569
20509821
20509935
20510055
20510073
20510160
20510190
20510238
20510262
20510529
20511002
20511008
20511064
20511137
20511243
20511520
20511523
20511600
20511684
20511777
20511808
20512234
20512242
20512244
20512245
20513125
20513126
20513138
20513163
20513165
20513170
20513171
20513181
20513182
20513312
20513358
20513472
20513489
20513497
20513529
20513550
20513572
20513711
20513776
20513916
20514041
20514150
20514568
20514571
20514596
20514597
20514652
20514846
20514914
20515010
20515049
20515082
20515335
20515446
20515639
20515742
20515767
20516154
20516155
20516396
20516398
20516420
20516423
20516428
20516435
20516454
20516457
20516641
20516734
20516803
20516868
20516976
20516984
20516986
20517046
20517103
20517681
20517829
20518424
20518426
20518440
20518463
20518469
20518507
20518635
20518638
20518640
20518646
20518678
20518735
20518737
20518771
20518810
20518847
20519307
20519354
20519504
20519824
20520585
20520808
20520862
20522684
20523585
20523586
20523587
20523589
20523590
20523592
20523593
20523594
20523595
20523596
20523598
20523599
20523600
20523602
20523603
20523604
20523605
20523606
20523607
20523608
20523609
20523610
20523611
20523612
20523613
20523614
20523616
20523619
20523621
20523623
20523625
20523626
20523628
20523630
20523631
20523632
20523633
20523636
20523637
20523638
20523641
20523648
20523650
20523651
20523654
20523656
20523657
20523660
20523661
20523662
20523663
20523664
20523665
20523666
20523667
20523668
20523669
20523670
20523679
20523685
20523694
20523707
20523728
20523732
20523737
20523747
20523775
20523779
20523781
20523786
20523788
20523792
20523795
20523796
20523799
20523801
20523802
20523803
20523804
20523805
20523806
20523807
20523808
20523809
20523810
20523811
20523812
20523813
20523814
20523815
20523816
20523817
20523818
20523819
20523820
20523821
20523822
20523823
20523824
20523826
20523828
20523915
20523934
20523941
20523945
20523950
20523966
20523967
20523971
20523972
20524150
20524196
20524268
20524391
20524392
20524459
20524471
20524474
20524475
20524498
20524516
20524522
20524530
20524536
20524594
20524597
20524599
20524603
20524974
20525229
20525231
20525234
20525268
20525319
20525356
20525364
20525477
20525484
20525498
20525552
20526238
20526449
20526587
20526670
20526742
20526798
20526825
20526826
20526878
20526898
20527115
20527671
20527715
20527841
20527959
20527977
20528159
20528284
20528507
20528609
20528650
20528756
20528804
20528807
20528857
20528859
20529032
20529366
20529450
20529668
20529670
20529718
20529720
20529752
20529753
20529819
20529920
20529951
20530085
20530151
20530520
20530531
20530743
20530871
20530938
20530940
20530974
20531060
20531277
20531898
20531899
20531914
20531944
20532058
20532874
20533011
20533372
20533541
20533638
20533671
20533722
20533990
20534676
20535148
20535221
20535844
20536531
20537098
20537342
20537395
20537467
20537686
20537829
20538085
20538212
20538644
20538648
20538979
20539063
20539694
20539856
20539940
20543319
20545274
20549328
20549459
20549948
20550271
20551685
20554126
20555122
20558307
20560563
20564883
20564934
20566540
20567077
20567092
20572822
20574660
20576330
20576763
20577723
20580109
20584604
20584693
20585185
20585310
20585428
20585734
20591179
20592968
20594769
20594913
20594936
20594938
20595116
20597171
20598001
20601696
20601798
20604197
20605070
20605489
20605911
20606367
20606438
20606441
20606605
20606702
20606900
20606908
20606939
20608017
20612012
20612013
20612027
20612050
20612057
20612058
20612061
20612064
20612089
20612091
20612094
20612098
20612103
20612143
20612152
20612162
20612171
20612197
20612199
20612202
20612210
20612227
20612267
20612324
20612326
20612337
20612342
20612343
20612346
20612348
20612356
20612357
20612358
20612362
20612363
20612364
20612380
20612383
20612443
20612472
20612484
20612509
20612522
20612529
20612536
20612541
20612552
20612556
20612563
20612589
20612593
20612600
20612608
20612723
20612750
20612751
20612760
20612777
20612780
20612781
20612786
20612800
20612801
20612813
20612856
20612901
20612922
20612924
20612929
20612955
20612970
20612982
20612989
20612991
20613010
20613014
20613096
20613217
20613234
20613286
20613291
20613315
20613397
20613398
20613400
20613401
20613403
20613420
20613422
20613433
20613434
20613439
20613440
20613450
20613471
20613496
20613512
20613527
20613569
20613626
20613676
20613714
20613726
20613763
20613775
20613814
20613829
20613862
20613910
20613913
20613939
20613940
20613949
20613959
20613964
20613985
20613986
20613995
20614088
20614134
20614266
20614313
20614316
20614374
20614406
20614417
20614427
20614433
20614449
20614470
20614478
20614521
20614599
20614603
20614643
20614689
20618348
20618350
20619034
20619106
20619492
20619920
20619926
20620000
20620055
20620056
20620058
20620059
20620061
20620062
20620063
20620064
20620066
20620067
20620068
20620069
20620070
20620071
20620072
20620073
20620076
20620077
20620078
20620079
20620080
20620082
20620083
20620084
20620085
20620089
20620090
20620091
20620092
20620093
20620094
20620095
20620096
20620097
20620098
20620099
20620100
20620101
20620102
20620103
20620104
20620105
20620106
20620107
20620108
20620844
20621890
20621911
20622484
20622577
20622591
20623769
20625646
20625788
20625991
20627157
20627523
20628250